84982165
84982201
84733420
84982151
84733530
84982400
84982153
84712810
84982155
84982240
84733561
84733563
84713710
84979320
84982210
84733607
84982147
84712813
84982250
84982190
84733430
84982157
84982159
84982161
84979253
84982270
84979376
84733510
84982260
84713766
84982217
84982163
84713657
84982219
84712860
84979316
84713661
84713615
84982167
84982169
84982223
84713756
84982183
84712849
84979326
84733440
84733621
84982101
84979259
84733482
84979350
84713665
84979360
84982173
84712825
84712846
84733410
84712773
84713707
84733480
84733450
84979370
84713727
84733461
84979306
84713730
84712840
84713760
84979329
84979265
84982230
84982175
84713741
84713740
84713746
84713779
84979330
84979269
84979340
84979336
84713671
84733479
84713706
84733540
84712787
84733550
84982185
84982187
84733573
84733575
84733630
84712820
84713791
84979390
84733492
84733580
84712851
84713751
